Mid USD COP ARS AUD BRL CAD CHF CLP CNH CNY EUR GBP JPY KRW MXN MYR NOK NZD PEN RUB SEK ZAR DKK CZK CRC HNL GTQ CLF UVR SGD HKD DOP VEF PLN TRY HUF KWD TTD IDR ILS INR PHP PYG THB TWD UYU UDI NIO ANG XCD GYD ETB JMD AED QAR BGN MAD
USD 1 3796.78 1393.1372 1.398779 5.032422 1.375559 0.786378 906.68 6.8141 6.81063 0.859993 0.748624 158.548332 1499.621603 17.373925 3.95098 9.326625 1.712074 3.4326 72.8783 9.444444 16.661421 6.426557 20.926213 453.585 26.6124 7.62326 0.022475 9.247799 1.280014 7.831527 59.44 507.5161 3.651961 45.545064 309.408325 0.30635 6.7453 17588.69969 2.921999 95.970072 61.694186 6095.7 32.670279 31.57 40.297 1.964912 36.6243 1.79 2.7 209.2 157.383 157.6716 3.6725 3.646 1.681975 9.2225
COP 0.000263 1 0.366926 0.000368 0.001325 0.000362 0.000207 0.238802 0.001795 0.001794 0.000227 0.000197 0.041759 0.394972 0.004576 0.001041 0.002456 0.000451 0.000904 0.019195 0.002487 0.004388 0.001693 0.005512 0.119466 0.007009 0.002008 0.000006 0.002436 0.000337 0.002063 0.015655 0.13367 0.000962 0.011996 0.081492 0.000081 0.001777 4.632531 0.00077 0.025277 0.016249 1.605492 0.008605 0.008315 0.010613 0.000518 0.009646 0.000471 0.000711 0.055099 0.041452 0.041528 0.000967 0.00096 0.000443 0.002429
ARS 0.000718 2.725345 1 0.001004 0.003612 0.000987 0.000564 0.650819 0.004891 0.004889 0.000617 0.000537 0.113807 1.076435 0.012471 0.002836 0.006695 0.001229 0.002464 0.052312 0.006779 0.01196 0.004613 0.015021 0.325585 0.019102 0.005472 0.000016 0.006638 0.000919 0.005622 0.042666 0.364297 0.002621 0.032692 0.222095 0.00022 0.004842 12.625246 0.002097 0.068888 0.044284 4.37552 0.023451 0.022661 0.028925 0.00141 0.026289 0.001285 0.001938 0.150165 0.11297 0.113177 0.002636 0.002617 0.001207 0.00662
AUD 0.714909 2714.353387 995.966761 1 3.597725 0.9834 0.562189 648.193977 4.871464 4.868982 0.614817 0.535198 113.347679 1072.093452 12.420781 2.824593 6.667691 1.223978 2.453998 52.101375 6.751921 11.911405 4.594405 14.960344 324.272141 19.025453 5.44994 0.016068 6.611338 0.915094 5.598832 42.49421 362.827987 2.610821 32.56059 221.198893 0.219012 4.822278 12574.325238 2.088964 68.609899 44.105749 4357.872708 23.356287 22.569687 28.808701 1.404734 26.183053 1.279688 1.930255 149.559029 112.514573 112.720895 2.625504 2.606559 1.202459 6.593251
BRL 0.198711 754.463794 276.832363 0.277953 1 0.273339 0.156262 180.16773 1.35404 1.35335 0.170891 0.14876 31.505375 297.992037 3.452398 0.785105 1.853308 0.340209 0.682097 14.481755 1.87672 3.310816 1.277031 4.158279 90.132549 5.28819 1.514829 0.004466 1.837644 0.254353 1.556214 11.811411 100.849278 0.725687 9.050327 61.482988 0.060875 1.340369 3495.076644 0.580635 19.070356 12.259343 1211.285602 6.49196 6.273322 8.007477 0.39045 7.277669 0.355694 0.536521 41.570443 31.27381 31.331158 0.729768 0.724502 0.334228 1.832617
CAD 0.726977 2760.172419 1012.778954 1.01688 3.658456 1 0.571679 659.13567 4.953695 4.951172 0.625195 0.544233 115.261019 1090.190685 12.630447 2.872273 6.780244 1.244639 2.495422 52.980861 6.865896 12.112473 4.67196 15.212879 329.745944 19.346608 5.541936 0.016339 6.722939 0.930541 5.693342 43.211524 368.952623 2.654892 33.110222 224.932791 0.222709 4.903679 12786.583307 2.124226 69.768053 44.850266 4431.434798 23.750547 22.95067 29.294999 1.428446 26.62503 1.301289 1.962838 152.083626 114.41385 114.623655 2.669824 2.650559 1.222757 6.704547
CHF 1.271654 4828.18874 1771.587857 1.778762 6.399497 1.749234 1 1152.982835 8.665174 8.660761 1.093613 0.95199 201.618548 1906.999125 22.093613 5.024278 11.860236 2.177165 4.365078 92.675948 12.010061 21.187555 8.172353 26.610892 576.802972 33.841753 9.694146 0.028581 11.759996 1.627734 9.95899 75.587087 645.384647 4.644029 57.917542 393.460192 0.389571 8.577685 22366.732283 3.71577 122.040682 78.453631 7751.618504 41.545276 40.146102 51.243823 2.498687 46.573421 2.27626 3.433465 266.029921 200.13665 200.503649 4.670148 4.636449 2.138889 11.727825
CLP 0.001103 4.187563 1.536526 0.001543 0.00555 0.001517 0.000867 1 0.007515 0.007512 0.000949 0.000826 0.174867 1.65397 0.019162 0.004358 0.010287 0.001888 0.003786 0.080379 0.010417 0.018376 0.007088 0.02308 0.50027 0.029351 0.008408 0.000025 0.0102 0.001412 0.008638 0.065558 0.559752 0.004028 0.050233 0.341254 0.000338 0.00744 19.399016 0.003223 0.105848 0.068044 6.7231 0.036033 0.034819 0.044445 0.002167 0.040394 0.001974 0.002978 0.230732 0.173582 0.1739 0.00405 0.004021 0.001855 0.010172
CNH 0.146755 557.194641 204.449186 0.205277 0.738531 0.20187 0.115404 133.059392 1 0.999491 0.126208 0.109864 23.267685 220.076254 2.549702 0.579824 1.368724 0.251255 0.50375 10.69522 1.386015 2.445139 0.943126 3.071016 66.565651 3.90549 1.118748 0.003298 1.357156 0.187848 1.149312 8.723089 74.480284 0.535942 6.683944 45.407071 0.044958 0.989903 2581.221246 0.428817 14.084042 9.053901 894.57155 4.794511 4.63304 5.913767 0.28836 5.374782 0.262691 0.396237 30.701046 23.096667 23.139021 0.538956 0.535067 0.246837 1.353444
CNY 0.146829 557.47857 204.553367 0.205382 0.738907 0.201972 0.115463 133.127194 1.00051 1 0.126272 0.10992 23.279541 220.188398 2.551001 0.58012 1.369422 0.251383 0.504006 10.70067 1.386721 2.446385 0.943607 3.072581 66.59957 3.90748 1.119318 0.0033 1.357848 0.187944 1.149898 8.727534 74.518236 0.536215 6.68735 45.430209 0.044981 0.990408 2582.536556 0.429035 14.091219 9.058515 895.027396 4.796954 4.635401 5.916781 0.288507 5.377521 0.262824 0.396439 30.716691 23.108437 23.150811 0.539231 0.53534 0.246963 1.354133
EUR 1.1628 4414.895784 1619.939936 1.6265 5.8517 1.5995 0.9144 1054.287504 7.923435 7.9194 1 0.8705 184.36 1743.76 20.2024 4.5942 10.845 1.9908 3.991427 84.742887 10.982 19.3739 7.4728 24.333 527.428638 30.944899 8.864327 0.026134 10.753341 1.4884 9.1065 69.116832 590.139721 4.2465 52.9598 359.78 0.356224 7.843435 20452.14 3.3977 111.594 71.738 7088.07996 37.989 36.709596 46.857352 2.284799 42.586736 2.081412 3.13956 243.25776 183.004952 183.340536 4.270383 4.239569 1.9558 10.723923
GBP 1.335784 5071.678098 1860.930426 1.868466 6.722229 1.83745 1.050431 1211.128666 9.102166 9.09753 1.148765 1 211.78633 2003.170592 23.207812 5.277657 12.458357 2.286962 4.585212 97.349669 12.615738 22.25606 8.584492 27.952901 605.8916 35.548419 10.183029 0.030022 12.353062 1.709822 10.461229 79.399003 677.931902 4.878231 60.838369 413.3027 0.409217 9.010264 23494.704193 3.903159 128.19529 82.410109 8142.538725 43.640437 42.170702 53.828089 2.624698 48.922155 2.391053 3.606617 279.44602 210.229698 210.615206 4.905667 4.870269 2.246755 12.319268
JPY 0.006307 23.947146 8.78683 0.008822 0.031741 0.008676 0.00496 5.718635 0.042978 0.042956 0.005424 0.004722 1 9.458451 0.109581 0.02492 0.058825 0.010798 0.02165 0.45966 0.059568 0.105087 0.040534 0.131986 2.860863 0.16785 0.048082 0.000142 0.058328 0.008073 0.049395 0.374901 3.201018 0.023034 0.287263 1.951508 0.001932 0.042544 110.935886 0.01843 0.605305 0.389119 38.446951 0.206059 0.199119 0.254162 0.012393 0.230998 0.01129 0.01703 1.319471 0.99265 0.99447 0.023163 0.022996 0.010609 0.058168
KRW 0.000667 2.531825 0.928992 0.000933 0.003356 0.000917 0.000524 0.604606 0.004544 0.004542 0.000573 0.000499 0.105726 1 0.011586 0.002635 0.006219 0.001142 0.002289 0.048598 0.006298 0.01111 0.004285 0.013954 0.302466 0.017746 0.005083 0.000015 0.006167 0.000854 0.005222 0.039637 0.338429 0.002435 0.030371 0.206324 0.000204 0.004498 11.728759 0.001948 0.063996 0.04114 4.064825 0.021786 0.021052 0.026871 0.00131 0.024422 0.001194 0.0018 0.139502 0.104948 0.105141 0.002449 0.002431 0.001122 0.00615
MXN 0.057558 218.533233 80.185519 0.08051 0.289654 0.079174 0.045262 52.18625 0.392203 0.392003 0.049499 0.043089 9.125648 86.314497 1 0.227409 0.536817 0.098543 0.197572 4.194694 0.543599 0.95899 0.369897 1.204461 26.107227 1.531744 0.438776 0.001294 0.53228 0.073674 0.450763 3.421219 29.211367 0.210198 2.621461 17.808775 0.017633 0.388243 1012.361898 0.168183 5.523799 3.550964 350.853362 1.88042 1.817091 2.319395 0.113095 2.108004 0.103028 0.155405 12.041033 9.058575 9.075186 0.21138 0.209855 0.09681 0.530824
MYR 0.253102 960.971613 352.605445 0.354033 1.273715 0.348156 0.199034 229.482283 1.724661 1.723782 0.217666 0.189478 40.128858 379.556833 4.397371 1 2.360585 0.433329 0.868797 18.445624 2.390405 4.217035 1.626573 5.296461 114.803151 6.735645 1.92946 0.005689 2.340634 0.323974 1.982173 15.044367 128.453206 0.924318 11.527535 78.311784 0.077538 1.707247 4451.730443 0.739563 24.290192 15.614906 1542.832258 8.268904 7.990422 10.199241 0.497323 9.269674 0.453052 0.683375 52.948883 39.833911 39.906956 0.929516 0.922809 0.425711 2.334231
NOK 0.10722 407.090437 149.372055 0.149977 0.539576 0.147487 0.084315 97.214154 0.730607 0.730235 0.092208 0.080267 16.999539 160.789304 1.862831 0.423624 1 0.183568 0.368043 7.814005 1.012633 1.786436 0.689055 2.243707 48.633346 2.853379 0.817365 0.00241 0.991548 0.137243 0.839696 6.373152 54.415834 0.391563 4.883338 33.174735 0.032847 0.723231 1885.858921 0.313296 10.289903 6.614846 653.580448 3.502905 3.384933 4.320641 0.210678 3.926854 0.191924 0.289494 22.430407 16.874592 16.905536 0.393765 0.390924 0.180341 0.988836
NZD 0.584087 2217.649078 813.713048 0.817008 2.939371 0.803446 0.459313 529.579819 3.980026 3.977999 0.502311 0.437261 92.605988 875.909182 10.14788 2.307715 5.447559 1 2.004936 42.567253 5.516375 9.731716 3.753667 12.222725 264.933011 15.543952 4.452646 0.013128 5.401517 0.747639 4.574292 34.718119 296.433454 2.133062 26.60227 180.721318 0.178935 3.939841 10273.327306 1.706701 56.054852 36.03476 3560.417902 19.082278 18.43962 23.536946 1.147679 21.39177 1.045515 1.577034 122.190958 91.925333 92.0939 2.145059 2.12958 0.982419 5.386741
PEN 0.291324 1106.094506 405.854804 0.407498 1.466067 0.400734 0.229091 264.137971 1.985113 1.984102 0.250537 0.218092 46.188991 436.876305 5.061448 1.151017 2.717073 0.498769 1 21.231224 2.751397 4.853878 1.872212 6.096316 132.14036 7.75284 2.220841 0.006548 2.694109 0.372899 2.281515 17.31632 147.851803 1.063905 13.268387 90.138182 0.089247 1.96507 5124.01669 0.851249 27.95842 17.973019 1775.825905 9.517648 9.19711 11.739498 0.572427 10.669551 0.521471 0.786576 60.945056 45.849502 45.933578 1.069889 1.062169 0.49 2.686739
RUB 0.013722 52.097538 19.11594 0.019193 0.069052 0.018875 0.01079 12.441015 0.0935 0.093452 0.0118 0.010272 2.175522 20.577066 0.238396 0.054213 0.127975 0.023492 0.0471 1 0.129592 0.22862 0.088182 0.287139 6.223869 0.365162 0.104603 0.000308 0.126894 0.017564 0.10746 0.815606 6.963885 0.05011 0.624947 4.245548 0.004204 0.092556 241.343441 0.040094 1.316854 0.846537 83.642182 0.448285 0.433188 0.552936 0.026962 0.502541 0.024561 0.037048 2.870539 2.159532 2.163492 0.050392 0.050029 0.023079 0.126547
SEK 0.105882 402.012 147.508645 0.148106 0.532845 0.145647 0.083264 96.001412 0.721493 0.721125 0.091058 0.079266 16.78747 158.783464 1.839592 0.418339 0.987525 0.181278 0.363452 7.716526 1 1.76415 0.680459 2.215717 48.026647 2.817784 0.807169 0.00238 0.979179 0.135531 0.829221 6.293647 53.736999 0.386678 4.822419 32.760881 0.032437 0.714208 1862.332908 0.309388 10.161537 6.532326 645.427059 3.459206 3.342706 4.266741 0.208049 3.877867 0.189529 0.285882 22.150588 16.664082 16.69464 0.388853 0.386047 0.178091 0.9765
ZAR 0.060019 227.878526 83.61455 0.083953 0.30204 0.08256 0.047198 54.417928 0.408975 0.408766 0.051616 0.044932 9.515895 90.005626 1.042764 0.237133 0.559774 0.102757 0.206021 4.374075 0.566845 1 0.385715 1.255968 27.223669 1.597247 0.45754 0.001349 0.555043 0.076825 0.47004 3.567523 30.460554 0.219187 2.733564 18.570345 0.018387 0.404845 1055.654256 0.175375 5.760017 3.702817 365.857156 1.960834 1.894796 2.418581 0.117932 2.19815 0.107434 0.162051 12.555952 9.445953 9.463275 0.220419 0.218829 0.10095 0.553524
DKK 0.155604 590.795389 216.778174 0.217656 0.783067 0.214043 0.122364 141.083329 1.060303 1.059763 0.133819 0.116489 24.670806 233.347607 2.703458 0.61479 1.451263 0.266406 0.534127 11.340179 1.469596 2.592589 1 3.256209 70.579788 4.141005 1.186212 0.003497 1.438997 0.199176 1.21862 9.249121 78.9717 0.568261 7.087009 48.145274 0.047669 1.049598 2736.877743 0.454676 14.933358 9.599882 948.517284 5.083637 4.912429 6.270387 0.305749 5.698899 0.278532 0.420132 32.552425 24.489475 24.534383 0.571457 0.567333 0.261723 1.435061
CZK 0.047787 181.436559 66.573786 0.066843 0.240484 0.065734 0.037579 43.327477 0.325625 0.325459 0.041096 0.035774 7.576542 71.662352 0.830247 0.188805 0.445691 0.081815 0.164034 3.482632 0.451321 0.796199 0.307106 1 21.675446 1.271726 0.364292 0.001074 0.441924 0.061168 0.374245 2.840457 24.25265 0.174516 2.17646 14.785682 0.01464 0.322337 840.510418 0.139633 4.586118 2.948177 291.294948 1.561213 1.508634 1.925671 0.093897 1.750164 0.085539 0.129025 9.997031 7.520854 7.534646 0.175498 0.174231 0.080376 0.440715
CRC 0.002205 8.370603 3.071392 0.003084 0.011095 0.003033 0.001734 1.99892 0.015023 0.015015 0.001896 0.00165 0.349545 3.306153 0.038304 0.008711 0.020562 0.003775 0.007568 0.160672 0.020822 0.036733 0.014168 0.046135 1 0.058671 0.016807 0.00005 0.020388 0.002822 0.017266 0.131045 1.1189 0.008051 0.100411 0.68214 0.000675 0.014871 38.777075 0.006442 0.211581 0.136015 13.438936 0.072027 0.069601 0.088841 0.004332 0.080744 0.003946 0.005953 0.461215 0.346976 0.347612 0.008097 0.008038 0.003708 0.020332
HNL 0.037576 142.669583 52.349176 0.052561 0.189101 0.051689 0.029549 34.069832 0.25605 0.255919 0.032316 0.028131 5.957686 56.350483 0.652851 0.148464 0.350462 0.064334 0.128985 2.738509 0.354889 0.626077 0.241487 0.786333 17.044122 1 0.286455 0.000845 0.3475 0.048098 0.294281 2.233545 19.070663 0.137228 1.711423 11.626472 0.011512 0.253465 660.921213 0.109798 3.606216 2.31825 229.054877 1.227634 1.186289 1.514219 0.073834 1.376212 0.067262 0.101456 7.860997 5.913897 5.924742 0.138 0.137004 0.063203 0.346549
GTQ 0.131177 498.052014 182.748221 0.183488 0.66014 0.180442 0.103155 118.935993 0.893856 0.893401 0.112812 0.098203 20.79797 196.716576 2.279068 0.51828 1.223443 0.224586 0.45028 9.559991 1.238898 2.185603 0.843019 2.745048 59.500135 3.490947 1 0.002948 1.213103 0.167909 1.02732 7.797189 66.574681 0.479055 5.974486 40.587403 0.040186 0.884831 2307.241218 0.3833 12.589112 8.092888 799.618536 4.285605 4.141273 5.286059 0.257752 4.804283 0.234808 0.354179 27.442328 20.645105 20.682962 0.481749 0.478273 0.220637 1.209784
CLF 44.492941 168929.909594 61984.771635 62.235783 223.907245 61.202666 34.988257 40340.86 303.179351 303.024939 38.263623 33.308484 7054.281609 66722.575926 773.017025 175.790739 414.968996 76.175221 152.72647 3242.569923 420.211112 741.315613 285.936405 931.068748 20181.330771 1184.063951 339.18126 1 411.461772 56.951577 348.447686 2644.66043 22580.884036 162.486477 2026.433842 13766.486424 13.630413 300.118237 782572.982521 130.008313 4269.990789 2744.955815 271215.622162 1453.596789 1404.642156 1792.932055 87.424695 1629.522829 79.642365 120.130941 9307.923316 7002.432578 7015.27324 163.400327 162.221264 74.835995 410.336151
UVR 0.108134 410.5604 150.645275 0.151255 0.544175 0.148744 0.085034 98.04279 0.736835 0.73646 0.092994 0.080952 17.14444 162.159842 1.878709 0.427235 1.008524 0.185133 0.37118 7.88061 1.021264 1.801663 0.694928 2.262832 49.047888 2.877701 0.824332 0.00243 1 0.138413 0.846853 6.427475 54.879665 0.394901 4.924963 33.45751 0.033127 0.729395 1901.933633 0.315967 10.377612 6.671229 659.151447 3.532763 3.413785 4.357469 0.212473 3.960326 0.19356 0.291961 22.621599 17.018428 17.049636 0.397122 0.394256 0.181878 0.997264
SGD 0.781242 2966.202489 1088.376738 1.092784 3.931537 1.074644 0.614351 708.336135 5.323458 5.320747 0.671862 0.584856 123.864553 1171.566783 13.573233 3.08667 7.286348 1.337544 2.68169 56.93556 7.378393 13.016595 5.020693 16.348428 354.359472 20.790714 5.955608 0.017559 7.224765 1 6.118315 46.437001 396.492691 2.853064 35.581698 241.722655 0.239333 5.269709 13741.023918 2.282787 74.975813 48.198065 4762.214432 25.523381 24.663797 31.481693 1.535071 28.612427 1.398422 2.109352 163.435743 122.954147 123.179613 2.86911 2.848407 1.314028 7.205001
HKD 0.127689 484.807092 177.888315 0.178609 0.642585 0.175644 0.100412 115.773075 0.870086 0.869643 0.109812 0.095591 20.24488 191.485203 2.218459 0.504497 1.190908 0.218613 0.438305 9.305758 1.205952 2.12748 0.820601 2.672047 57.917821 3.398111 0.973407 0.00287 1.180842 0.163444 1 7.589835 64.80423 0.466315 5.815604 39.508044 0.039118 0.861301 2245.883709 0.373107 12.254324 7.87767 778.353919 4.171636 4.031142 5.145484 0.250898 4.676521 0.228563 0.34476 26.712542 20.09608 20.132931 0.468938 0.465554 0.21477 1.177612
DOP 0.016824 63.875841 23.437705 0.023533 0.084664 0.023142 0.01323 15.253701 0.114638 0.11458 0.014468 0.012595 2.667368 25.229166 0.292293 0.06647 0.156908 0.028803 0.057749 1.226082 0.15889 0.280307 0.108118 0.352056 7.630972 0.447719 0.128251 0.000378 0.155582 0.021535 0.131755 1 8.538292 0.061439 0.766236 5.205389 0.005154 0.113481 295.906792 0.049159 1.614571 1.037924 102.552153 0.549635 0.531124 0.677944 0.033057 0.616156 0.030114 0.045424 3.519515 2.647762 2.652618 0.061785 0.061339 0.028297 0.155156
VEF 0.00197 7.481103 2.745011 0.002756 0.009916 0.00271 0.001549 1.786505 0.013426 0.01342 0.001695 0.001475 0.312401 2.954826 0.034233 0.007785 0.018377 0.003373 0.006764 0.143598 0.018609 0.032829 0.012663 0.041233 0.893735 0.052437 0.015021 0.000044 0.018222 0.002522 0.015431 0.117119 1 0.007196 0.089741 0.609652 0.000604 0.013291 34.656437 0.005757 0.189098 0.121561 12.01085 0.064373 0.062205 0.0794 0.003872 0.072164 0.003527 0.00532 0.412204 0.310104 0.310673 0.007236 0.007184 0.003314 0.018172
PLN 0.273826 1039.655195 381.476495 0.383021 1.378005 0.376663 0.21533 248.272107 1.865874 1.864924 0.235488 0.204992 43.414577 410.63464 4.757424 1.081879 2.553868 0.46881 0.939933 19.955937 2.58613 4.562322 1.759755 5.730131 124.203141 7.287154 2.087443 0.006154 2.532283 0.3505 2.144472 16.276188 138.970852 1 12.4714 84.72389 0.083886 1.847035 4816.234546 0.800118 26.279053 16.893442 1669.158121 8.945955 8.644671 11.034346 0.538043 10.028667 0.490148 0.739329 57.284295 43.095479 43.174505 1.005624 0.998368 0.460568 2.525356
TRY 0.021956 83.363151 30.588105 0.030712 0.110493 0.030202 0.017266 19.907317 0.149612 0.149536 0.018882 0.016437 3.481131 32.926106 0.381467 0.086749 0.204778 0.037591 0.075367 1.600136 0.207365 0.365823 0.141103 0.459462 9.959038 0.584309 0.167378 0.000493 0.203047 0.028104 0.171951 1.305081 11.143164 0.080183 1 6.793455 0.006726 0.148102 386.18235 0.064156 2.107145 1.354575 133.838873 0.717318 0.69316 0.884772 0.043142 0.804133 0.039302 0.059282 4.593253 3.455545 3.461881 0.080634 0.080053 0.03693 0.202492
HUF 0.003232 12.271098 4.502585 0.004521 0.016265 0.004446 0.002542 2.930367 0.022023 0.022012 0.002779 0.00242 0.512424 4.84674 0.056152 0.012769 0.030143 0.005533 0.011094 0.235541 0.030524 0.053849 0.02077 0.067633 1.465975 0.086011 0.024638 0.000073 0.029889 0.004137 0.025311 0.192109 1.640279 0.011803 0.147201 1 0.00099 0.021801 56.846239 0.009444 0.310173 0.199394 19.701151 0.10559 0.102033 0.130239 0.006351 0.118369 0.005785 0.008726 0.676129 0.508658 0.509591 0.011869 0.011784 0.005436 0.029807
KWD 3.26424 12393.602089 4547.534519 4.56595 16.427034 4.490155 2.566926 2959.621348 22.242859 22.231531 2.807224 2.443689 517.539845 4895.125193 56.712665 12.896949 30.444346 5.588622 11.204831 237.89228 30.828936 54.38688 20.977825 68.308185 1480.610413 86.869267 24.884152 0.073365 30.187037 4.178272 25.563987 194.02644 1656.65448 11.920877 148.67003 1009.983107 1 22.01828 57413.741441 9.538106 313.269372 201.384646 19897.82928 106.643638 103.052065 131.539089 6.413943 119.550514 5.84299 8.813449 682.87906 513.735923 514.677983 11.987922 11.90142 5.490369 30.104456
TTD 0.148251 562.877856 206.534506 0.207371 0.746063 0.203929 0.116582 134.416557 1.0102 1.009685 0.127495 0.110985 23.505008 222.320965 2.575708 0.585738 1.382685 0.253817 0.508888 10.804308 1.400152 2.470079 0.952746 3.10234 67.2446 3.945325 1.130159 0.003332 1.370999 0.189764 1.161035 8.812062 75.23996 0.541408 6.752118 45.87021 0.045417 1 2607.548914 0.43319 14.227695 9.146248 903.695907 4.843414 4.680296 5.974086 0.291301 5.429603 0.26537 0.400279 31.014188 23.332246 23.375032 0.544453 0.540525 0.249355 1.367248
IDR 0.000057 0.215865 0.079206 0.00008 0.000286 0.000078 0.000045 0.051549 0.000387 0.000387 0.000049 0.000043 0.009014 0.085261 0.000988 0.000225 0.00053 0.000097 0.000195 0.004143 0.000537 0.000947 0.000365 0.00119 0.025788 0.001513 0.000433 0.000001 0.000526 0.000073 0.000445 0.003379 0.028855 0.000208 0.002589 0.017591 0.000017 0.000384 1 0.000166 0.005456 0.003508 0.346569 0.001857 0.001795 0.002291 0.000112 0.002082 0.000102 0.000154 0.011894 0.008948 0.008964 0.000209 0.000207 0.000096 0.000524
ILS 0.342232 1299.377751 476.775447 0.478706 1.722253 0.47076 0.269123 310.294465 2.332 2.330812 0.294317 0.256203 54.260235 513.217765 5.945905 1.35215 3.191865 0.585926 1.174744 24.941251 3.232186 5.702063 2.19937 7.161609 155.231079 9.107602 2.60892 0.007692 3.164888 0.438061 2.680195 20.342241 173.688001 1.249816 15.586956 105.889278 0.104843 2.308454 6019.407246 1 32.843983 21.113695 2086.140613 11.180799 10.804249 13.790903 0.672455 12.533989 0.612594 0.924025 71.594832 53.861422 53.96019 1.256845 1.247776 0.575625 3.15623
INR 0.01042 39.562125 14.516371 0.014575 0.052437 0.014333 0.008194 9.447529 0.071002 0.070966 0.008961 0.007801 1.65206 15.62593 0.181035 0.041169 0.097183 0.01784 0.035767 0.759386 0.09841 0.173611 0.066964 0.218049 4.726317 0.277299 0.079434 0.000234 0.096361 0.013338 0.081604 0.61936 5.288275 0.038053 0.474576 3.224008 0.003192 0.070285 183.272757 0.030447 1 0.642848 63.516676 0.340422 0.328957 0.419891 0.020474 0.381622 0.018652 0.028134 2.179846 1.639917 1.642925 0.038267 0.037991 0.017526 0.096098
PHP 0.016209 61.541941 22.581337 0.022673 0.08157 0.022296 0.012746 14.69636 0.11045 0.110393 0.01394 0.012134 2.569907 24.307341 0.281614 0.064041 0.151175 0.027751 0.055639 1.181283 0.153085 0.270065 0.104168 0.339193 7.352151 0.43136 0.123565 0.000364 0.149897 0.020748 0.126941 0.963462 8.22632 0.059195 0.738239 5.015194 0.004966 0.109334 285.094929 0.047363 1.555577 1 98.805096 0.529552 0.511718 0.653173 0.031849 0.593643 0.029014 0.043764 3.390919 2.551018 2.555696 0.059527 0.059098 0.027263 0.149487
PYG 0.000164 0.622862 0.228544 0.000229 0.000826 0.000226 0.000129 0.148741 0.001118 0.001117 0.000141 0.000123 0.02601 0.246013 0.00285 0.000648 0.00153 0.000281 0.000563 0.011956 0.001549 0.002733 0.001054 0.003433 0.074411 0.004366 0.001251 0.000004 0.001517 0.00021 0.001285 0.009751 0.083258 0.000599 0.007472 0.050758 0.00005 0.001107 2.885427 0.000479 0.015744 0.010121 1 0.00536 0.005179 0.006611 0.000322 0.006008 0.000294 0.000443 0.034319 0.025819 0.025866 0.000602 0.000598 0.000276 0.001513
THB 0.030609 116.215109 42.642342 0.042815 0.154037 0.042104 0.02407 27.752442 0.208572 0.208466 0.026323 0.022915 4.852984 45.901708 0.531796 0.120935 0.285477 0.052405 0.105068 2.230722 0.289084 0.509987 0.19671 0.640528 13.88372 0.814575 0.233339 0.000688 0.283065 0.03918 0.239714 1.819391 15.534489 0.111782 1.394082 9.470636 0.009377 0.206466 538.370054 0.089439 2.937535 1.888389 186.582431 1 0.966322 1.233445 0.060144 1.121028 0.05479 0.082644 6.403374 4.817314 4.826148 0.112411 0.1116 0.051483 0.28229
TWD 0.031676 120.265442 44.128514 0.044307 0.159405 0.043572 0.024909 28.719671 0.215841 0.215731 0.027241 0.023713 5.02212 47.501476 0.55033 0.12515 0.295427 0.054231 0.10873 2.308467 0.299159 0.527761 0.203565 0.662851 14.367596 0.842965 0.241472 0.000712 0.29293 0.040545 0.248069 1.8828 16.075898 0.115678 1.442669 9.800707 0.009704 0.213662 557.133345 0.092556 3.039914 1.954203 193.085207 1.034852 1 1.276433 0.06224 1.160098 0.056699 0.085524 6.626544 4.985207 4.994349 0.116329 0.115489 0.053278 0.292129
UYU 0.024816 94.219917 34.571735 0.034712 0.124883 0.034136 0.019515 22.499938 0.169097 0.169011 0.021341 0.018578 3.934495 37.214224 0.431147 0.098047 0.231447 0.042486 0.085183 1.808529 0.234371 0.413466 0.15948 0.5193 11.256049 0.660406 0.189177 0.000558 0.229491 0.031764 0.194345 1.475048 12.594389 0.090626 1.130235 7.678198 0.007602 0.16739 436.476653 0.072512 2.381569 1.530987 151.269325 0.810737 0.783433 1 0.048761 0.908859 0.04442 0.067003 5.191453 3.905576 3.912738 0.091136 0.090478 0.041739 0.228863
UDI 0.508929 1932.290513 709.007579 0.711879 2.561144 0.700062 0.40021 461.435522 3.467891 3.466125 0.437675 0.380996 80.689805 763.200553 8.84209 2.010768 4.746588 0.871324 1.746949 37.089862 4.806549 8.479476 3.270659 10.649951 230.842449 13.543816 3.879696 0.011438 4.706471 0.651436 3.985689 30.250725 258.289536 1.858588 23.179192 157.466793 0.15591 3.432877 8951.395011 1.487089 48.841929 31.397945 3102.277003 16.626844 16.066881 20.508302 1 18.639159 0.910982 1.374108 106.467895 80.096734 80.243611 1.869041 1.855554 0.856005 4.693595
NIO 0.027304 103.668329 38.038603 0.038193 0.137407 0.037559 0.021471 24.756241 0.186054 0.185959 0.023481 0.020441 4.329047 40.946082 0.474382 0.107879 0.254657 0.046747 0.093725 1.989889 0.257874 0.454928 0.175472 0.571375 12.38481 0.726632 0.208148 0.000614 0.252504 0.03495 0.213834 1.622966 13.85736 0.099714 1.243575 8.44817 0.008365 0.184176 480.246713 0.079783 2.620393 1.684515 166.438676 0.892038 0.861996 1.10028 0.05365 1 0.048875 0.073722 5.712055 4.297229 4.305109 0.100275 0.099551 0.045925 0.251814
ANG 0.558659 2121.106145 778.288939 0.781441 2.811409 0.768469 0.439317 506.52514 3.80676 3.804821 0.480443 0.418226 88.574487 837.777432 9.706103 2.207252 5.210405 0.956466 1.917654 40.714134 5.276226 9.308056 3.590255 11.690622 253.399441 14.867263 4.258804 0.012556 5.166368 0.715091 4.375155 33.206704 283.528547 2.040202 25.44417 172.853813 0.171145 3.768324 9826.089213 1.632401 53.614565 34.466026 3405.418994 18.251552 17.636872 22.512291 1.097716 20.460503 1 1.50838 116.871508 87.923464 88.084693 2.051676 2.036872 0.939651 5.152235
XCD 0.37037 1406.214815 515.976741 0.518066 1.86386 0.509466 0.291251 335.807407 2.523741 2.522455 0.318516 0.277268 58.721604 555.415409 6.434787 1.463326 3.454306 0.634102 1.271333 26.991963 3.497942 6.170897 2.380206 7.750449 167.994444 9.856444 2.82343 0.008324 3.425111 0.474079 2.900566 22.014815 187.968926 1.352578 16.868542 114.595676 0.113463 2.498259 6514.333219 1.082222 35.544471 22.849699 2257.666667 12.100103 11.692593 14.924815 0.727745 13.564556 0.662963 1 77.481481 58.29 58.396889 1.360185 1.35037 0.622954 3.415741
GYD 0.00478 18.149044 6.659356 0.006686 0.024056 0.006575 0.003759 4.334034 0.032572 0.032556 0.004111 0.003579 0.757879 7.168363 0.083049 0.018886 0.044582 0.008184 0.016408 0.348367 0.045146 0.079644 0.03072 0.10003 2.168188 0.12721 0.03644 0.000107 0.044206 0.006119 0.037436 0.28413 2.425985 0.017457 0.217711 1.479007 0.001464 0.032243 84.076002 0.013967 0.458748 0.294905 29.138145 0.156168 0.150908 0.192624 0.009393 0.175068 0.008556 0.012906 1 0.752309 0.753688 0.017555 0.017428 0.00804 0.044085
ETB 0.006354 24.124461 8.851891 0.008888 0.031976 0.00874 0.004997 5.760978 0.043296 0.043274 0.005464 0.004757 1.007404 9.528485 0.110393 0.025104 0.059261 0.010878 0.02181 0.463063 0.060009 0.105865 0.040834 0.132964 2.882046 0.169093 0.048438 0.000143 0.05876 0.008133 0.049761 0.377677 3.22472 0.023204 0.28939 1.965958 0.001947 0.042859 111.757303 0.018566 0.609787 0.392 38.731629 0.207585 0.200593 0.256044 0.012485 0.232708 0.011374 0.017156 1.329241 1 1.001834 0.023335 0.023166 0.010687 0.058599
JMD 0.006342 24.080304 8.835689 0.008871 0.031917 0.008724 0.004987 5.750433 0.043217 0.043195 0.005454 0.004748 1.00556 9.511044 0.110191 0.025058 0.059152 0.010858 0.021771 0.462216 0.059899 0.105672 0.040759 0.13272 2.87677 0.168784 0.048349 0.000143 0.058652 0.008118 0.04967 0.376986 3.218817 0.023162 0.28886 1.962359 0.001943 0.042781 111.552744 0.018532 0.608671 0.391283 38.660735 0.207205 0.200226 0.255576 0.012462 0.232282 0.011353 0.017124 1.326808 0.99817 1 0.023292 0.023124 0.010668 0.058492
AED 0.272294 1033.840708 379.343009 0.380879 1.370299 0.374557 0.214126 246.883594 1.855439 1.854494 0.234171 0.203846 43.171772 408.338081 4.730817 1.075829 2.539585 0.466188 0.934677 19.844329 2.571666 4.536806 1.749913 5.698084 123.508509 7.246399 2.075769 0.00612 2.518121 0.34854 2.132479 16.18516 138.193628 0.994407 12.401651 84.250054 0.083417 1.836705 4789.298758 0.795643 26.132082 16.798962 1659.823009 8.895923 8.596324 10.972634 0.535034 9.97258 0.487406 0.735194 56.963921 42.854459 42.933043 1 0.992784 0.457992 2.511232
QAR 0.274273 1041.354909 382.100165 0.383648 1.380258 0.377279 0.215682 248.678003 1.868925 1.867973 0.235873 0.205327 43.485554 411.30598 4.765202 1.083648 2.558043 0.469576 0.94147 19.988563 2.590358 4.569781 1.762632 5.739499 124.406199 7.299067 2.090856 0.006164 2.536423 0.351073 2.147978 16.302798 139.198053 1.001635 12.491789 84.862404 0.084024 1.850055 4824.108527 0.801426 26.322017 16.92106 1671.886999 8.960581 8.658804 11.052386 0.538923 10.045063 0.490949 0.740538 57.377948 43.165935 43.245091 1.007268 1 0.461321 2.529484
BGN 0.594539 2257.334995 828.274842 0.831629 2.991973 0.817824 0.467532 539.05691 4.05125 4.049187 0.5113 0.445086 94.263217 891.584007 10.329482 2.349013 5.545046 1.017895 2.040816 43.329015 5.615094 9.90587 3.820841 12.441456 269.674117 15.822118 4.532328 0.013363 5.49818 0.761019 4.656151 35.339417 301.738276 2.171234 27.078331 183.955415 0.182137 4.010346 10457.173535 1.737243 57.057981 36.67962 3624.133327 19.423765 18.769606 23.958151 1.168217 21.774586 1.064225 1.605256 124.377626 93.570382 93.741966 2.183446 2.16769 1 5.483139
MAD 0.10843 411.686636 151.05852 0.15167 0.545668 0.149153 0.085267 98.311738 0.738856 0.73848 0.093249 0.081174 17.19147 162.604674 1.883863 0.428407 1.01129 0.185641 0.372198 7.902228 1.024066 1.806606 0.696835 2.269039 49.182434 2.885595 0.826594 0.002437 1.002743 0.138792 0.849176 6.445107 55.030209 0.395984 4.938473 33.54929 0.033218 0.731396 1907.150956 0.316834 10.40608 6.68953 660.95961 3.542454 3.42315 4.369423 0.213056 3.97119 0.194091 0.292762 22.683654 17.065112 17.096406 0.398211 0.395337 0.182377 1
